00000000 10000100 00100000 00000100
00000000 10000000 00000001 01001001
00000001 00001000 01000000 00000100
00000001 00000101 11000000 00000001
10000111 00000000 00001001 00000000
00000000 10001000 01100000 00000001
00000001 11111111 11111111 11101001
00000010 00010000 10000000 00000100
00000010 10010100 10100000 00000100
00000010 00001101 11000000 00000001
10000111 00000000 00000101 00000000
00010010 10000000 00000000 00000110
00010010 10000000 00000000 10000111
00000011 00011101 11000000 00000001
01100111 00000000 00000001 10000000
00100010 10000000 00000000 00000111
00100010 10000000 00000000 10000110
00000010 10000000 00000000 10001001
00000010 00000000 00000000 00101001
01011111 11111111 11111111 11011000
00000001 00000000 00000000 00101001
01011111 11111111 11111111 10111000
00010000 00000000 00000000 00001111
00010000 00000000 00000000 10001111
00010000 00000000 00000001 00001111
00010000 00000000 00000001 10001111
00010000 00000000 00000010 00001111
00010000 00000000 00000010 10001111
00010000 00000000 00000011 00001111
00010000 00000000 00000011 10001111
00010000 00000000 00000100 00001111
00010000 00000000 00000100 10001111
00010000 00000000 00000101 00001111
11110000 00000000 00000000 00000000
