0000000 1000010 0010000 00000100
0000000 1000000 0000000 01001001
0000000 0000100 0100000 00000100
0000000 0000010 1110000 00000001
1000011 1000000 0000100 00000000
0000000 1000100 0110000 00000001
0000000 1111111 1111111 11101001
0000001 0001000 1000000 00000100
0000001 1001010 1010000 00000100
0000001 0000110 1110000 00000001
1000011 1000000 0000010 00000000
0001001 1000000 0000000 00000110
0001001 1000000 0000000 10000111
0000001 0001110 1110000 00000001
0111011 1000000 0000000 10000000
0010001 1000000 0000000 00000111
0010001 1000000 0000000 10000110
0000001 1000000 0000000 10001001
0000001 0000000 0000000 00101001
0101111 1111111 1111111 11011000
0000000 0000000 0000000 00101001
0101111 1111111 1111111 10111000
1111000 0000000 0000000 00000000
