00010000 00000000 00000000 00000001
00010000 00000000 00000000 10000010
10110000 00000000 00000000 00001100
11100000 00000000 00000000 00000000
10010000 00000100 00000000 00000000
10010000 00001000 00000000 00000000
00000000 10001001 11000000 00000001
01100111 00000000 00000010 10000000
10000111 00000000 00000011 10000000
00000000 10001000 00100000 00000001
10111111 11111111 11111111 11101000
01010000 00000000 00000000 00010100
00000001 00000100 01000000 00000001
10111111 11111111 11111111 11011100
01010000 00000000 00000000 00001000
11010000 10000000 00000000 00001111
10100000 00000000 01000000 00000000
10100000 00000000 00100000 00000000
11000000 00000000 00000000 00000000
