00000000 10000000 00000000 00101001
00100000 00000000 00000000 00000001
11110000 00000000 00000000 00000000
01010000 00000000 00000000 00001000
00010000 00000000 00000000 00001111
10110000 00000000 00000000 00100100
00000000 10111101 11100000 00000000
01100111 11111111 11111111 00000000
10010000 00111100 00000000 00000000
10100000 00000000 01000000 00000000
00000001 00111101 11100000 00000001
11010000 10000000 00000000 00001111
11100000 00000000 00000000 00000000
01110111 11111111 11111100 10000000
11000000 00000000 00000000 00000000